0 0.269231 0.596469 0.221942 0.421185
0 0.417402 0.558638 0.203026 0.388398
0 0.551072 0.458386 0.177806 0.351828
0 0.717528 0.514502 0.170240 0.337957
0 0.869483 0.489912 0.153846 0.389660
0 0.804540 0.276166 0.122320 0.098361
0 0.753468 0.209962 0.085750 0.054224
0 0.706810 0.153216 0.113493 0.061791
0 0.656999 0.286255 0.092055 0.063052
0 0.614754 0.217528 0.083228 0.051702
0 0.588272 0.171501 0.098361 0.060530
0 0.511980 0.247793 0.117276 0.069357
0 0.483607 0.186003 0.090794 0.051702
0 0.374527 0.247793 0.104666 0.049180
0 0.368852 0.319042 0.128625 0.052963
0 0.364439 0.192938 0.099622 0.058008
0 0.226986 0.199874 0.104666 0.054224
0 0.220050 0.339218 0.131148 0.070618
0 0.230139 0.264187 0.118537 0.046658
0 0.692308 0.841110 0.081967 0.068096
0 0.824716 0.813997 0.089533 0.066835
0 0.856873 0.926860 0.103405 0.070618
0 0.726356 0.955233 0.084489 0.074401
0 0.554855 0.867591 0.081967 0.065574
0 0.423077 0.885876 0.083228 0.054224
0 0.278058 0.897226 0.088272 0.084489
0 0.657629 0.742119 0.065574 0.056747