0 0.779319 0.368222 0.180328 0.388398
0 0.921185 0.395965 0.143758 0.390921
0 0.810845 0.136822 0.142497 0.114754
0 0.929382 0.146910 0.129887 0.081967
0 0.494956 0.283733 0.206810 0.393443
0 0.640605 0.248424 0.152585 0.353090
0 0.845523 0.048550 0.146280 0.092055
0 0.600883 0.059899 0.158890 0.119798
0 0.566204 0.887137 0.107188 0.102144
0 0.662043 0.912358 0.081967 0.134931
0 0.678436 0.800126 0.076923 0.104666
0 0.595839 0.780580 0.080706 0.108449
0 0.764187 0.615385 0.087011 0.110971
0 0.672131 0.589533 0.074401 0.112232
0 0.578184 0.568096 0.080706 0.132409
0 0.286885 0.463430 0.559899 0.851198
0 0.960908 0.049811 0.071879 0.084489