0 0.630517 0.648172 0.306431 0.514502
0 0.478562 0.337327 0.148802 0.399748
0 0.789407 0.332282 0.155107 0.364439
0 0.921816 0.339849 0.145019 0.422446
0 0.652585 0.238966 0.138714 0.341740
0 0.348045 0.322194 0.137453 0.394704
0 0.510088 0.110971 0.105927 0.058008
0 0.373897 0.106557 0.141236 0.081967
0 0.675284 0.102774 0.108449 0.099622
0 0.793190 0.110340 0.084489 0.071879
0 0.926230 0.124212 0.100883 0.064313
0 0.929382 0.064313 0.092055 0.055485
0 0.539723 0.063052 0.084489 0.073140
0 0.301387 0.796974 0.109710 0.274905
0 0.418663 0.822825 0.114754 0.281211
0 0.796343 0.885876 0.118537 0.228247