0 0.348676 0.040984 0.110971 0.054224
0 0.383985 0.081967 0.073140 0.063052
0 0.263556 0.124212 0.084489 0.056747
0 0.281841 0.199874 0.116015 0.064313
0 0.121690 0.223834 0.098361 0.066835
0 0.124842 0.147541 0.084489 0.058008
0 0.118537 0.082598 0.087011 0.061791
0 0.464691 0.872636 0.098361 0.085750
0 0.597100 0.822825 0.078184 0.084489
0 0.719420 0.782472 0.083228 0.087011
0 0.782472 0.898487 0.083228 0.079445
0 0.668979 0.679697 0.085750 0.060530
0 0.502522 0.631148 0.088272 0.064313
0 0.418663 0.762295 0.061791 0.069357
0 0.278058 0.810214 0.090794 0.079445
0 0.315889 0.919924 0.090794 0.076923
0 0.151324 0.960277 0.084489 0.079445
0 0.131148 0.843001 0.087011 0.089533