0 0.302018 0.510719 0.600252 0.923077
0 0.642497 0.349306 0.133670 0.335435
0 0.524590 0.332913 0.145019 0.335435
0 0.636192 0.146280 0.103405 0.037831
0 0.650694 0.090164 0.117276 0.046658
0 0.633039 0.032156 0.076923 0.044136
0 0.516393 0.133039 0.103405 0.064313
0 0.532156 0.026482 0.079445 0.045397
0 0.524590 0.068096 0.079445 0.040353
0 0.398487 0.124212 0.084489 0.074401
0 0.410467 0.068096 0.073140 0.060530
0 0.955864 0.382724 0.079445 0.056747
0 0.963115 0.449559 0.073770 0.049180
0 0.964061 0.509458 0.063052 0.045397