0 0.452081 0.509458 0.421185 0.885246
0 0.895965 0.869483 0.121059 0.162673
0 0.848045 0.769231 0.088272 0.158890
0 0.948298 0.767970 0.076923 0.100883
0 0.735813 0.674023 0.090794 0.170240
0 0.837957 0.663934 0.083228 0.142497
0 0.769861 0.498108 0.065574 0.065574
0 0.721942 0.540984 0.055485 0.058008
0 0.673392 0.591425 0.064313 0.083228
0 0.914250 0.662043 0.071879 0.080706
0 0.953972 0.611602 0.060530 0.070618
0 0.876419 0.567465 0.066835 0.070618
0 0.781211 0.578815 0.055485 0.065574
0 0.843632 0.122951 0.263556 0.245902